[gd_scene load_steps=16 format=2]

[ext_resource path="res://Level/Objects/sandLand.tscn" type="PackedScene" id=1]
[ext_resource path="res://Models/MeshLibraries/MESH_LIBRARY.tres" type="MeshLibrary" id=2]
[ext_resource path="res://Scenes/PLAYER.tscn" type="PackedScene" id=3]
[ext_resource path="res://Scenes/CAMERA.tscn" type="PackedScene" id=4]
[ext_resource path="res://Prefabs/HEALTH.tscn" type="PackedScene" id=5]
[ext_resource path="res://Prefabs/SCORE.tscn" type="PackedScene" id=6]
[ext_resource path="res://Prefabs/ROCK.tscn" type="PackedScene" id=7]
[ext_resource path="res://Prefabs/BASIC_GROUND_FROG.tscn" type="PackedScene" id=8]
[ext_resource path="res://Prefabs/SEED_DAY_MUSIC.tscn" type="PackedScene" id=9]
[ext_resource path="res://Prefabs/RUSHER_GROUND_FROG.tscn" type="PackedScene" id=10]
[ext_resource path="res://Prefabs/CUCUMBER.tscn" type="PackedScene" id=11]
[ext_resource path="res://Scripts/Controllers/GameController.cs" type="Script" id=12]
[ext_resource path="res://Level/Objects/palmTree.tscn" type="PackedScene" id=13]
[ext_resource path="res://Level/Objects/cumberXD.tscn" type="PackedScene" id=14]
[ext_resource path="res://Level/Objects/rocked.tscn" type="PackedScene" id=15]

[node name="Main" type="Spatial"]
script = ExtResource( 12 )

[node name="Health" parent="." instance=ExtResource( 5 )]

[node name="Score" parent="." instance=ExtResource( 6 )]

[node name="SeedBayMusic" parent="." instance=ExtResource( 9 )]

[node name="sandLand" parent="." instance=ExtResource( 1 )]
transform = Transform( 1, 0, 0, 0, 1, 0, 0, 0, 1, -0.0534039, -7.14215, -0.0196805 )

[node name="sandLand2" parent="." instance=ExtResource( 1 )]
transform = Transform( 1, 0, 0, 0, 1, 0, 0, 0, 1, 366, -20.9416, 0.011364 )

[node name="Player" parent="." instance=ExtResource( 3 )]
transform = Transform( 1, 0, 0, 0, 1, 0, 0, 0, 1, 0, 6.82728, 0 )

[node name="Camera" parent="." instance=ExtResource( 4 )]
transform = Transform( 1, 0, 0, 0, 1, 0, 0, 0, 1, 0, 7, 18.221 )

[node name="GridMap" type="GridMap" parent="."]
mesh_library = ExtResource( 2 )
cell_size = Vector3( 1, 1, 1 )
cell_center_z = false
data = {
"cells": PoolIntArray( 524370, 0, 10, 1, 2, 12, 4, 2, 12, 7, 2, 12, 10, 2, 12, 13, 2, 12, 16, 2, 12, 19, 2, 12, 22, 2, 12, 25, 2, 12, 28, 2, 12, 31, 2, 12, 34, 2, 12, 37, 2, 12, 40, 2, 12, 43, 2, 12, 46, 2, 12, 49, 2, 12, 52, 2, 12, 55, 2, 12, 58, 2, 12, 61, 2, 12, 64, 2, 12, 67, 2, 12, 70, 2, 12, 73, 2, 12, 76, 2, 12, 79, 2, 12, 82, 2, 12, 85, 2, 12, 88, 2, 12, 91, 2, 12, 94, 2, 12, 97, 2, 12, 100, 2, 12, 103, 2, 12, 106, 2, 12, 109, 2, 12, 112, 2, 12, 115, 2, 12, 118, 2, 12, 119, 2, 10, 121, 2, 12, 122, 2, 10, 124, 2, 12, 125, 2, 10, 127, 2, 12, 130, 2, 12, 133, 2, 12, 136, 2, 12, 139, 2, 12, 142, 2, 12, 145, 2, 12, 148, 2, 12, 151, 2, 12, 154, 2, 12, 157, 2, 12, 160, 2, 12, 163, 2, 12, 166, 2, 12, 169, 2, 12, 172, 2, 12, 175, 2, 12, 178, 2, 12, 181, 2, 12, 184, 2, 12, 187, 2, 12, 190, 2, 12, 193, 2, 12, 196, 2, 12, 199, 2, 12, 202, 2, 12, 205, 2, 12, 208, 2, 12, 211, 2, 12, 214, 2, 12, 217, 2, 12, 220, 2, 12, 223, 2, 12, 225, 2, 10, 226, 2, 12, 228, 2, 10, 229, 2, 12, 230, 2, 12, 233, 2, 12, 236, 2, 12, 239, 2, 12, 240, 2, 12, 243, 2, 12, 65516, 2, 12, 65519, 2, 12, 65522, 2, 12, 65525, 2, 12, 65528, 2, 12, 65531, 2, 12, 65534, 2, 12, 65657, 2, 10, 65659, 2, 10, 65661, 2, 10, 65761, 2, 10, 65764, 2, 10, 131195, 2, 10, 131300, 2, 10, 196836, 2, 10, 262197, 2, 10, 262198, 2, 10, 262199, 2, 10, 262200, 2, 10, 262201, 2, 10, 262202, 2, 10, 262203, 2, 10, 262204, 2, 8, 262205, 2, 10, 262304, 2, 12, 262307, 2, 12, 262310, 2, 12, 327741, 2, 10, 393277, 2, 10, 458813, 2, 10, 524349, 2, 10, 589885, 2, 10, 655421, 2, 10, 720957, 2, 10, 786493, 2, 10, 852029, 2, 10, 917565, 2, 10, 983101, 2, 10, 1048637, 2, 10, 1114173, 2, 10, 1179709, 2, 10, 1245245, 2, 10, 1310781, 2, 10, 1376317, 2, 10, 82, 65534, 10, 65618, 65534, 10, 131154, 65534, 10, 196690, 65534, 10, 262226, 65534, 10, 327762, 65534, 10, 393298, 65534, 10, 458834, 65534, 10, 524370, 65534, 10, 524370, 65535, 10 )
}
__meta__ = {
"_editor_clip_": 0,
"_editor_floor_": Vector3( 0, 3, 0 )
}

[node name="Cumcumber" parent="." instance=ExtResource( 11 )]
transform = Transform( 0.3, 0, 0, 0, 0.3, 0, 0, 0, 0.3, 59.5416, 7.67233, 1.20227 )

[node name="rockedA" parent="." instance=ExtResource( 7 )]
transform = Transform( 1, 0, 0, 0, 1, 0, 0, 0, 1, 35.5521, 1.58789, 0 )

[node name="rockedB" parent="." instance=ExtResource( 7 )]
transform = Transform( 1, 0, 0, 0, 1, 0, 0, 0, 1, 37.9602, 2.42085, 0 )

[node name="rockedB2" parent="." instance=ExtResource( 7 )]
transform = Transform( 1, 0, 0, 0, 1, 0, 0, 0, 1, 34.216, 2.885, 0 )

[node name="rockedC" parent="." instance=ExtResource( 7 )]
transform = Transform( 1, 0, 0, 0, 1, 0, 0, 0, 1, 36.206, 3.881, 0 )

[node name="rockedD" parent="." instance=ExtResource( 7 )]
transform = Transform( 1, 0, 0, 0, 1, 0, 0, 0, 1, 32.8809, 0.706152, 0 )

[node name="GroundRusherFrog" parent="." instance=ExtResource( 10 )]
transform = Transform( 1, 0, 0, 0, 1, 0, 0, 0, 1, 83.664, 3.469, 0 )
MoveSpeed = 0.0
MovingPeriod = 10000
directionModifier = -1

[node name="GroundRusherFrog2" parent="." instance=ExtResource( 10 )]
transform = Transform( 1, 0, 0, 0, 1, 0, 0, 0, 1, 107.714, 3, 0 )

[node name="GroundRusherFrog3" parent="." instance=ExtResource( 10 )]
transform = Transform( 1, 0, 0, 0, 1, 0, 0, 0, 1, 112, 3.114, 0 )

[node name="GroundRusherFrog4" parent="." instance=ExtResource( 10 )]
transform = Transform( 1, 0, 0, 0, 1, 0, 0, 0, 1, 115.758, 3, 0 )

[node name="GroundBasicFrog" parent="." instance=ExtResource( 8 )]
transform = Transform( 1, 0, 0, 0, 1, 0, 0, 0, 1, 142.785, 3, 0 )
MoveSpeed = 1.0
MovingPeriod = 10000
directionModifier = -1

[node name="GroundBasicFrog2" parent="." instance=ExtResource( 8 )]
transform = Transform( 1, 0, 0, 0, 1, 0, 0, 0, 1, 157.575, 3.797, 0 )
directionModifier = -1

[node name="GroundBasicFrog3" parent="." instance=ExtResource( 8 )]
transform = Transform( 1, 0, 0, 0, 1, 0, 0, 0, 1, 166.276, 7.904, 0 )
directionModifier = -1

[node name="GroundRusherFrog5" parent="." instance=ExtResource( 10 )]
transform = Transform( 1, 0, 0, 0, 1, 0, 0, 0, 1, 184.708, 3.019, 0 )

[node name="GroundRusherFrog6" parent="." instance=ExtResource( 10 )]
transform = Transform( 1, 0, 0, 0, 1, 0, 0, 0, 1, 191.471, 3, 0 )

[node name="GroundBasicFrog4" parent="." instance=ExtResource( 8 )]
transform = Transform( 1, 0, 0, 0, 1, 0, 0, 0, 1, 204.791, 3, 0 )

[node name="GroundBasicFrog5" parent="." instance=ExtResource( 8 )]
transform = Transform( 1, 0, 0, 0, 1, 0, 0, 0, 1, 197.786, 3, 0 )

[node name="GroundRusherFrog7" parent="." instance=ExtResource( 10 )]
transform = Transform( 1, 0, 0, 0, 1, 0, 0, 0, 1, 216.364, 3.019, 0 )

[node name="GroundRusherFrog8" parent="." instance=ExtResource( 10 )]
transform = Transform( 1, 0, 0, 0, 1, 0, 0, 0, 1, 221.172, 3, 0 )

[node name="GroundBasicFrog6" parent="." instance=ExtResource( 8 )]
transform = Transform( 1, 0, 0, 0, 1, 0, 0, 0, 1, 226.94, 5.319, 0.437 )

[node name="GroundBasicFrog7" parent="." instance=ExtResource( 8 )]
transform = Transform( 1, 0, 0, 0, 1, 0, 0, 0, 1, 230.151, 7.284, 0 )

[node name="palmTree" parent="." instance=ExtResource( 13 )]
transform = Transform( 0.995435, 0.0763707, -0.0572374, -0.0915809, 0.933145, -0.34764, 0.0268612, 0.351295, 0.935879, 8.57302, -6.21871, -20.4027 )

[node name="palmTree5" parent="palmTree" instance=ExtResource( 13 )]
transform = Transform( 0.642974, -0.394774, -0.656307, 0.233583, 0.917174, -0.32285, 0.7294, 0.0542822, 0.681931, 19.3613, 1.56302, -11.2406 )

[node name="palmTree4" parent="palmTree" instance=ExtResource( 13 )]
transform = Transform( 0.670498, -0.305889, -0.675919, -0.0515143, 0.889656, -0.453717, 0.740122, 0.339035, 0.580754, -20.2567, -3.82511, -4.93113 )

[node name="palmTree3" parent="palmTree" instance=ExtResource( 13 )]
transform = Transform( 0.551411, 0.0841473, 0.829979, -0.680285, 0.621215, 0.388978, -0.482865, -0.779109, 0.39979, 37.1399, -2.23423, -15.7812 )

[node name="palmTree2" parent="palmTree" instance=ExtResource( 13 )]
transform = Transform( 0.879555, -0.384377, -0.280422, 0.323753, 0.915388, -0.239267, 0.348663, 0.119661, 0.929578, 50.3276, 1.92087, -8.10206 )

[node name="palmTree6" parent="palmTree" instance=ExtResource( 13 )]
transform = Transform( 1, 5.58794e-09, -1.86265e-09, 2.79397e-09, 1, 0, -1.86265e-09, -2.98023e-08, 1, 80.3072, 1.33987, -7.36477 )

[node name="palmTree7" parent="palmTree" instance=ExtResource( 13 )]
transform = Transform( 0.496346, 0.188924, -0.847319, -0.10711, 0.981902, 0.156189, 0.861492, 0.0132324, 0.5076, 100.165, -2.15541, -16.721 )

[node name="palmTree8" parent="palmTree" instance=ExtResource( 13 )]
transform = Transform( 0.955584, 0.162711, -0.245731, -0.23115, 0.931033, -0.282396, 0.182835, 0.326655, 0.927292, 59.726, 0.821812, -13.528 )

[node name="palmTree9" parent="palmTree" instance=ExtResource( 13 )]
transform = Transform( 0.551411, 0.0841473, 0.829979, -0.680285, 0.621215, 0.388978, -0.482865, -0.779109, 0.39979, 117.123, 2.41274, -24.3781 )

[node name="palmTree10" parent="palmTree" instance=ExtResource( 13 )]
transform = Transform( 0.879555, -0.384377, -0.280422, 0.323753, 0.915388, -0.239267, 0.348663, 0.119661, 0.929578, 130.31, 6.5678, -16.699 )

[node name="palmTree11" parent="palmTree" instance=ExtResource( 13 )]
transform = Transform( -0.715498, 0.0897477, 0.692827, -0.385434, 0.776413, -0.498622, -0.58267, -0.623802, -0.520929, 224.398, 13.9427, -8.94133 )

[node name="palmTree12" parent="palmTree" instance=ExtResource( 13 )]
transform = Transform( -0.338902, 0.339102, 0.877585, -0.443608, 0.764991, -0.466905, -0.829674, -0.547539, -0.108829, 201.995, 2.55855, -8.62189 )

[node name="palmTree13" parent="palmTree" instance=ExtResource( 13 )]
transform = Transform( -0.345796, 0.363319, 0.865115, -0.671241, 0.548452, -0.498635, -0.655638, -0.753127, 0.0542216, 240.782, 11.7502, -1.98827 )

[node name="palmTree14" parent="palmTree" instance=ExtResource( 13 )]
transform = Transform( -0.77367, -0.612262, 0.163009, -0.633535, 0.750933, -0.186367, -0.00830401, -0.247458, -0.968863, 182.92, 8.64939, -11.4367 )

[node name="palmTree15" parent="palmTree" instance=ExtResource( 13 )]
transform = Transform( -0.703775, 0.353717, 0.616107, -0.213915, 0.721479, -0.658566, -0.677454, -0.595276, -0.432093, 172.879, 7.83709, -24.506 )

[node name="palmTree16" parent="palmTree" instance=ExtResource( 13 )]
transform = Transform( -0.927738, -0.0514751, 0.369666, -0.280794, 0.74875, -0.600439, -0.245879, -0.660851, -0.709098, 145.367, -1.45877, -32.0162 )

[node name="palmTree17" parent="palmTree" instance=ExtResource( 13 )]
transform = Transform( -0.136503, -0.220924, 0.965691, -0.736843, 0.674206, 0.0500854, -0.66214, -0.704726, -0.254817, 123.667, -4.03389, -27.9545 )

[node name="palmTree18" parent="palmTree" instance=ExtResource( 13 )]
transform = Transform( -0.807046, -0.0781259, 0.585298, -0.551178, 0.455287, -0.699226, -0.211851, -0.886911, -0.410499, 162.21, 7.63313, -22.243 )

[node name="palmTree19" parent="palmTree" instance=ExtResource( 13 )]
transform = Transform( -0.655046, -0.398052, -0.642238, -0.374266, 0.909315, -0.181855, 0.656384, 0.121245, -0.744621, 104.868, -0.777569, -29.7133 )

[node name="palmTree20" parent="palmTree" instance=ExtResource( 13 )]
transform = Transform( -0.703775, 0.353717, 0.616107, -0.213915, 0.721479, -0.658566, -0.677454, -0.595276, -0.432093, 95.2584, -5.98027, -41.1469 )

[node name="palmTree21" parent="palmTree" instance=ExtResource( 13 )]
transform = Transform( 0.887133, -0.373037, -0.271733, 0.252974, 0.8855, -0.389734, 0.386005, 0.277005, 0.879925, 224.781, 2.56378, -34.4266 )

[node name="palmTree22" parent="palmTree" instance=ExtResource( 13 )]
transform = Transform( -0.726586, 0.0905532, 0.681083, -0.275839, 0.869439, -0.409864, -0.629275, -0.48567, -0.606745, 319.029, 7.72261, -26.831 )

[node name="palmTree23" parent="palmTree" instance=ExtResource( 13 )]
transform = Transform( -0.353648, 0.340673, 0.871135, -0.294883, 0.843222, -0.449468, -0.887682, -0.415836, -0.197745, 296.511, -3.36072, -28.1215 )

[node name="palmTree24" parent="palmTree" instance=ExtResource( 13 )]
transform = Transform( -0.360888, 0.360075, 0.860294, -0.548467, 0.66413, -0.50805, -0.754284, -0.655192, -0.0421871, 334.58, 14.4295, -22.4898 )

[node name="palmTree25" parent="palmTree" instance=ExtResource( 13 )]
transform = Transform( -0.780482, -0.607094, 0.149283, -0.616465, 0.787068, -0.0222134, -0.10401, -0.109366, -0.988545, 327.426, 5.83138, -12.4953 )

[node name="palmTree26" parent="palmTree" instance=ExtResource( 13 )]
transform = Transform( -0.714164, 0.354242, 0.603725, -0.0909318, 0.80823, -0.581803, -0.694048, -0.470399, -0.544997, 317.22, 7.31396, -25.3763 )

[node name="palmTree27" parent="palmTree" instance=ExtResource( 13 )]
transform = Transform( -0.933606, -0.0513959, 0.354596, -0.227495, 0.849611, -0.475821, -0.276814, -0.524899, -0.804895, 289.521, -0.350661, -33.9635 )

[node name="palmTree28" parent="palmTree" instance=ExtResource( 13 )]
transform = Transform( -0.152406, -0.222154, 0.963026, -0.613834, 0.78496, 0.0839337, -0.774585, -0.578346, -0.255998, 267.845, -3.38592, -30.095 )

[node name="palmTree29" parent="palmTree" instance=ExtResource( 13 )]
transform = Transform( -0.815427, -0.0839295, 0.572745, -0.500776, 0.598571, -0.625249, -0.290351, -0.796661, -0.530121, 306.578, 6.82388, -23.0337 )

[node name="palmTree30" parent="palmTree" instance=ExtResource( 13 )]
transform = Transform( -0.651059, -0.386757, -0.653102, -0.473665, 0.879366, -0.048564, 0.593097, 0.277734, -0.755712, 249.063, 0.280748, -31.0238 )

[node name="palmTree31" parent="palmTree" instance=ExtResource( 13 )]
transform = Transform( -0.714164, 0.354242, 0.603725, -0.0909318, 0.80823, -0.581803, -0.694048, -0.470399, -0.544997, 239.26, -2.84301, -43.0362 )

[node name="rocked" parent="." instance=ExtResource( 15 )]
transform = Transform( -0.30296, -0.349028, -0.886789, 0.816685, 0.38449, -0.43034, 0.491162, -0.854603, 0.168561, 34.485, -5.38869, -14.456 )

[node name="rocked2" parent="rocked" instance=ExtResource( 15 )]
transform = Transform( 0.871629, 0.469472, -0.140922, -0.43958, 0.875875, 0.199031, 0.216869, -0.111535, 0.969808, -5.26552, -2.3504, -14.4401 )

[node name="rocked3" parent="rocked" instance=ExtResource( 15 )]
transform = Transform( 0.0752683, -0.778978, 0.622518, 0.994307, 0.105851, 0.0122325, -0.0754229, 0.618053, 0.78251, -11.3298, 5.67974, -32.9002 )

[node name="rocked4" parent="rocked" instance=ExtResource( 15 )]
transform = Transform( 0.593004, -0.770556, 0.233645, 0.748644, 0.634461, 0.192334, -0.296443, 0.0608623, 0.953109, -4.34514, 3.98584, -7.73145 )

[node name="rocked5" parent="rocked" instance=ExtResource( 15 )]
transform = Transform( 0.106762, 0.434291, 0.894424, 0.411361, 0.799672, -0.437387, -0.905198, 0.414626, -0.0932757, -23.4309, -7.92616, -46.6776 )

[node name="rocked6" parent="rocked" instance=ExtResource( 15 )]
transform = Transform( 0.395562, -0.4046, -0.824518, 0.412474, -0.723852, 0.553086, -0.820607, -0.558871, -0.119441, -26.9879, -25.1938, -77.0224 )

[node name="rocked7" parent="rocked" instance=ExtResource( 15 )]
transform = Transform( 0.393305, 0.532892, -0.749225, 0.260159, -0.8461, -0.465224, -0.881832, -0.0119425, -0.471412, -26.9901, -15.9639, -62.1938 )

[node name="rocked8" parent="rocked" instance=ExtResource( 15 )]
transform = Transform( 0.249347, -0.961952, -0.111693, -0.927873, -0.204292, -0.311954, 0.277267, 0.181422, -0.943509, -18.1576, -18.225, -44.1726 )

[node name="rocked9" parent="rocked" instance=ExtResource( 15 )]
transform = Transform( 0.730347, -0.48911, -0.476829, -0.682895, -0.538942, -0.49315, -0.0157782, 0.685794, -0.727625, -27.6891, -23.278, -67.7119 )

[node name="rocked10" parent="rocked" instance=ExtResource( 15 )]
transform = Transform( 0.768434, 0.128582, 0.626879, -0.129271, -0.928219, 0.348853, 0.626737, -0.349107, -0.696654, -14.2981, 2.26052, -32.986 )

[node name="rocked11" parent="rocked" instance=ExtResource( 15 )]
transform = Transform( 0.22205, 0.582676, -0.781782, 0.48391, -0.761939, -0.430442, -0.846478, -0.282732, -0.451151, -70.0836, -57.5716, -164.427 )

[node name="rocked12" parent="rocked" instance=ExtResource( 15 )]
transform = Transform( -0.232131, 0.701794, -0.673499, 0.663373, -0.392172, -0.637289, -0.711372, -0.594716, -0.374515, -62.4781, -52.6521, -152.187 )

[node name="rocked13" parent="rocked" instance=ExtResource( 15 )]
transform = Transform( 0.655037, -0.594478, -0.466394, -0.688713, -0.723642, -0.0449032, -0.310808, 0.350625, -0.883437, -49.4327, -55.9807, -138.51 )

[node name="rocked14" parent="rocked" instance=ExtResource( 15 )]
transform = Transform( 0.799648, 0.151002, -0.581174, -0.155859, -0.882498, -0.443741, -0.57989, 0.445418, -0.682151, -62.6817, -59.3833, -158.388 )

[node name="rocked15" parent="rocked" instance=ExtResource( 15 )]
transform = Transform( 0.971064, 0.238238, 0.0166733, 0.127867, -0.577616, 0.806232, 0.201705, -0.78077, -0.591365, -43.4131, -42.7788, -121.294 )

[node name="rocked16" parent="rocked" instance=ExtResource( 15 )]
transform = Transform( 0.969709, -0.0746974, 0.232563, 0.23036, 0.596303, -0.768998, -0.0812355, 0.799276, 0.595447, -35.6462, -20.6848, -97.0206 )

[node name="rocked17" parent="rocked" instance=ExtResource( 15 )]
transform = Transform( 0.928322, -0.365337, -0.0689, 0.371676, 0.907689, 0.19483, -0.00863962, -0.206474, 0.978414, -36.3872, -32.5742, -109.797 )

[node name="rocked18" parent="rocked" instance=ExtResource( 15 )]
transform = Transform( -0.702044, -0.47447, 0.531048, 0.708297, -0.387931, 0.589767, -0.0738168, 0.790182, 0.608411, -50.2015, -33.4581, -123.976 )

[node name="rocked19" parent="rocked" instance=ExtResource( 15 )]
transform = Transform( -0.223398, -0.958777, 0.175617, 0.880538, -0.121239, 0.458208, -0.418028, 0.256999, 0.871323, -36.8596, -24.0882, -103.859 )

[node name="rocked20" parent="rocked" instance=ExtResource( 15 )]
transform = Transform( -0.394663, -0.239375, 0.887098, 0.200576, 0.919739, 0.337417, -0.896666, 0.311096, -0.314974, -47.1621, -64.7195, -146.633 )

[node name="rocked21" parent="rocked" instance=ExtResource( 15 )]
transform = Transform( -0.772652, 0.615286, -0.156307, -0.158375, 0.0516084, 0.98603, 0.614757, 0.786613, 0.0575705, -74.1661, -64.0118, -186.092 )

[node name="rocked22" parent="rocked" instance=ExtResource( 15 )]
transform = Transform( -0.661053, 0.489089, 0.569035, -0.222759, -0.852102, 0.473606, 0.71651, 0.186321, 0.672233, -93.0748, -51.3709, -206.591 )

[node name="rocked23" parent="rocked" instance=ExtResource( 15 )]
transform = Transform( 0.768667, 0.63929, 0.0214719, -0.638911, 0.768959, -0.0222483, -0.0307346, 0.00338251, 0.999522, -86.492, -76.3705, -213.631 )

[node name="rocked24" parent="rocked" instance=ExtResource( 15 )]
transform = Transform( -0.117974, 0.793608, 0.596882, -0.850545, 0.229463, -0.473202, -0.512499, -0.563501, 0.647929, -78.841, -66.5789, -192.103 )

[node name="rocked25" parent="rocked" instance=ExtResource( 15 )]
transform = Transform( -0.0236067, 0.626917, -0.778729, -0.756583, -0.520365, -0.395984, -0.653472, 0.579824, 0.486599, -105.907, -65.2773, -245.257 )

[node name="cumberXD" parent="." instance=ExtResource( 14 )]
transform = Transform( -0.147159, 0.989078, 0.00834083, -0.988457, -0.147363, 0.0351711, 0.0360161, -0.00306881, 0.999346, -0.805925, -2.14939, 5.37798 )
